(3550,3)
(3019,3)
(3910,-1)
(3190,3)
(4045,3)
(1831,3)
(2065,-1)
(3118,3)
(2263,3)
(3091,3)
(3352,3)
(4180,-1)
(1237,3)
(3514,3)
(2560,3)
(3217,3)
(4405,-1)
(4504,3)
(4009,3)
(2524,4)
(1174,-1)
(2920,-1)
(4144,3)
(4441,3)
(3154,3)
(1273,-1)
(3055,3)
(4243,-1)
(1471,3)
(2722,3)
(4081,-1)
(2326,3)
(4306,3)
(1930,-1)
(1138,-1)
(3451,3)
(2227,3)
(2029,-1)
(1534,3)
(2623,3)
(2821,3)
(4540,-1)
(2128,3)
(2362,-1)
(1075,3)
(4207,-1)
(3415,3)
(2425,-1)
(4603,-1)
(1732,3)
(2164,3)
(1336,-1)
(1372,3)
(3613,3)
(4342,3)
(3253,3)
(4108,-1)
(1039,4)
(3811,3)
(3316,3)
(2461,-1)
(3712,3)
(4801,-1)
(1435,3)
(1570,3)
(1633,-1)
(4702,3)
(4900,3)
