(2372,-1)
(1409,3)
(1148,-1)
(1346,3)
(1283,-1)
(2534,3)
(3524,3)
(1805,3)
(3326,3)
(4316,3)
(2570,4)
(2039,3)
(1184,3)
(4190,3)
(4550,-1)
(3263,3)
(4154,4)
(3722,4)
(1940,3)
(4055,-1)
(4253,3)
(3920,3)
(1742,3)
(3128,3)
(4910,3)
(1904,3)
(2732,3)
(4613,3)
(4514,3)
(2237,3)
(1643,3)
(3821,3)
(3461,3)
(1508,3)
(3425,3)
(1382,3)
(1481,4)
(2174,3)
(2471,-1)
(2075,3)
(3362,3)
(1841,3)
(2435,3)
(1706,4)
(4415,-1)
(1580,3)
(4352,3)
(1085,4)
(2138,-1)
(3065,3)
(2336,3)
(1445,3)
(3623,3)
(4019,3)
(4091,3)
(3227,3)
(1544,4)
(4712,3)
(4118,-1)
(1049,4)
(3029,3)
(2930,3)
(4451,5)
(3164,3)
(1607,4)
(2633,-1)
(2831,3)
(2273,3)
(4217,-1)
(3560,3)
(4811,-1)
(1247,3)
