(4057,3)
(3463,3)
(2770,3)
(2374,-1)
(2932,-1)
(4156,4)
(1249,-1)
(4552,3)
(4318,-1)
(130,4)
(2077,-1)
(2338,3)
(1348,4)
(4750,3)
(1780,3)
(1384,3)
(1483,4)
(1186,3)
(1582,-1)
(4516,3)
(2734,3)
(2635,3)
(1546,3)
(1942,5)
(2239,3)
(4219,-1)
(3229,3)
(3265,3)
(3760,-1)
(3364,2)
(3526,3)
(3922,-1)
(2536,3)
(1609,3)
(1906,3)
(2275,3)
(3328,3)
(1843,3)
(3067,-1)
(1708,3)
(2176,3)
(2437,-1)
(4912,3)
(4417,3)
(4093,3)
(3166,3)
(3661,3)
(1681,-1)
(4813,3)
(4651,3)
(3427,3)
(1807,3)
(4714,-1)
(4192,3)
(3823,-1)
(4615,-1)
(2671,5)
(1744,4)
(4390,-1)
(3562,-1)
(4255,3)
(1285,3)
(1087,3)
(4291,-1)
(4453,3)
(3724,3)
(3625,3)
(2833,3)
(1645,-1)
(1447,3)
(4354,3)
(2572,4)
(2473,4)
