(4166,-1)
(1619,3)
(302,4)
(4463,-1)
(1592,3)
(203,5)
(3239,3)
(3077,3)
(3473,3)
(1196,3)
(1493,3)
(3275,3)
(3437,3)
(4328,3)
(104,-1)
(2744,-1)
(2483,4)
(2582,3)
(4526,4)
(2807,-1)
(4067,3)
(2942,-1)
(2186,3)
(2681,5)
(2645,3)
(1394,3)
(2447,3)
(1556,4)
(1655,3)
(140,4)
(4661,3)
(4724,3)
(2906,-1)
(3374,3)
(1817,3)
(1259,-1)
(3671,3)
(1358,3)
(3635,3)
(4562,-1)
(4364,3)
(2708,3)
(401,4)
(4427,3)
(3770,3)
(1295,3)
(1718,3)
(4922,-1)
(1097,4)
(1754,3)
(2249,3)
(1916,3)
(2546,3)
(4265,-1)
(2087,3)
(2285,3)
(2843,3)
(2780,3)
(3572,-1)
(2348,-1)
(500,4)
(3734,-1)
(3176,3)
(3833,-1)
(3536,3)
(4760,3)
(4625,-1)
(4229,3)
(1790,3)
(1691,4)
(2609,-1)
(2384,3)
(3338,3)
(4823,3)
(1952,3)
(3932,-1)
(1457,3)
(1853,3)
