(2264,3)
(3092,3)
(3218,-1)
(2624,3)
(3119,3)
(3317,3)
(2426,3)
(1670,3)
(4505,-1)
(1175,4)
(4082,3)
(4208,3)
(2462,-1)
(2561,3)
(1931,4)
(4802,3)
(4343,3)
(4442,3)
(1373,3)
(2921,-1)
(3353,3)
(1337,3)
(2327,2)
(1436,3)
(4640,-1)
(3416,3)
(3614,3)
(4109,3)
(3812,-1)
(3911,-1)
(3191,3)
(3515,3)
(4703,2)
(4901,3)
(3713,3)
(4244,3)
(3056,3)
(4181,3)
(3650,3)
(4406,4)
(1634,3)
(2723,3)
(1274,3)
(3452,3)
(2363,-1)
(3254,-1)
(4145,-1)
(2660,-1)
(1472,4)
(1571,3)
(2129,3)
(4541,3)
(2165,3)
(3155,3)
(2822,-1)
(1832,3)
(4307,-1)
(4604,-1)
(4280,3)
(3290,3)
(1733,4)
(1535,3)
(3551,3)
(4046,2)
(1139,3)
(2066,-1)
(2525,3)
(2228,3)
(1238,3)
(1076,3)
