(3775,5)
(3874,3)
(4567,3)
(145,3)
(1597,3)
(901,-1)
(2848,-1)
(2587,-1)
(703,4)
(541,3)
(505,4)
(1696,3)
(1759,3)
(4963,-1)
(1498,3)
(604,4)
(1795,3)
(3973,3)
(1399,4)
(244,4)
(802,-1)
(4666,3)
(1858,3)
(3838,3)
(2488,-1)
(208,-1)
(3379,-1)
(640,3)
(4828,3)
(406,3)
(109,-1)
(3937,3)
(2785,-1)
(2983,3)
(1993,-1)
(2389,5)
(343,3)
(3676,3)
(3577,-1)
(442,3)
(4765,3)
(4468,3)
(4729,3)
(2686,-1)
(280,3)
(2884,3)
(2947,-1)
(3478,3)
(2749,3)
(4369,3)
(181,-1)
(307,3)
(3739,3)
(1894,3)
(4864,3)
(1957,3)
(4927,3)
