(4444,-1)
(3418,3)
(4048,-1)
(2824,3)
(4642,-1)
(3391,3)
(4381,3)
(1537,3)
(3292,3)
(3058,3)
(3319,3)
(3094,3)
(3454,3)
(2860,3)
(3715,-1)
(4084,3)
(2329,3)
(1078,3)
(2563,3)
(1771,3)
(4606,4)
(1276,3)
(1474,3)
(3490,3)
(1438,4)
(2725,3)
(1339,3)
(2167,3)
(121,-1)
(4480,4)
(4507,-1)
(2662,-1)
(4804,3)
(4183,-1)
(4543,-1)
(1735,3)
(220,3)
(2761,-1)
(4147,3)
(3850,3)
(1573,-1)
(1672,-1)
(4705,3)
(4282,3)
(2068,3)
(3517,3)
(1375,-1)
(2527,-1)
(4246,3)
(3616,3)
(2266,3)
(2365,3)
(1870,-1)
(4408,-1)
(4309,3)
(3553,-1)
(4345,3)
(3256,3)
(4903,3)
(3355,-1)
(1636,4)
(3193,3)
(3751,3)
(3814,3)
(2464,3)
(3652,3)
(4741,3)
(2626,-1)
(3157,3)
(1933,-1)
(3913,3)
(2923,-1)
(1177,4)
(4840,3)
(1834,3)
(2428,-1)
