(1686,3)
(432,3)
(3963,3)
(4755,3)
(4296,3)
(2676,5)
(3666,3)
(531,3)
(4953,-1)
(4656,-1)
(4719,-1)
(4818,3)
(2937,-1)
(3567,3)
(4917,3)
(135,4)
(4692,3)
(2874,-1)
(3468,3)
(4359,3)
(270,-1)
(1488,3)
(4494,3)
(4854,3)
(171,3)
(1848,3)
(3828,3)
(1389,4)
(4890,-1)
(3729,4)
(1947,-1)
(333,3)
(2379,5)
(4395,2)
(234,4)
(3864,-1)
(2973,-1)
(1884,3)
(2478,-1)
(3369,3)
(1587,-1)
(3927,3)
(3765,3)
(4458,-1)
(1749,-1)
(4197,-1)
(1983,-1)
(630,3)
(2775,-1)
(4593,-1)
(2838,-1)
(2739,3)
(4791,-1)
(4557,3)
(4098,3)
(2577,3)
(1785,3)
