(180,-1)
(1893,3)
(2586,4)
(2289,3)
(405,3)
(3477,3)
(4665,3)
(3936,3)
(1857,3)
(2487,3)
(4629,-1)
(3639,3)
(702,3)
(2982,3)
(801,3)
(540,4)
(2946,-1)
(2748,-1)
(1659,3)
(4566,-1)
(1398,-1)
(3837,3)
(4269,3)
(4764,3)
(1299,-1)
(1497,3)
(4728,3)
(603,3)
(2847,3)
(3972,3)
(3873,3)
(1596,4)
(3675,3)
(306,3)
(900,-1)
(108,-1)
(2649,5)
(504,4)
(2883,3)
(1758,3)
(3774,3)
(3738,-1)
(4467,-1)
(342,3)
(3576,-1)
(4962,3)
(2685,-1)
(4863,3)
(4827,3)
(4926,5)
(4368,3)
(207,-1)
(441,3)
(2388,-1)
(1794,3)
(1992,3)
(3378,3)
(1695,3)
(2784,3)
(144,-1)
(3279,3)
(1956,4)
(243,3)
