(4374,3)
(2619,5)
(1863,3)
(2691,3)
(4770,3)
(4833,3)
(3807,-1)
(2358,-1)
(1629,3)
(1728,4)
(3348,3)
(312,4)
(4338,3)
(3447,3)
(1566,3)
(3744,3)
(4734,2)
(4635,-1)
(3645,3)
(3708,3)
(411,4)
(4239,3)
(4932,3)
(2655,3)
(1269,3)
(3087,3)
(3186,3)
(2295,3)
(4275,3)
(3249,3)
(2952,-1)
(1368,4)
(3582,-1)
(2592,4)
(4437,3)
(150,3)
(3942,3)
(2493,2)
(2259,3)
(4671,-1)
(4572,3)
(3609,3)
(1827,3)
(2196,3)
(3483,3)
(510,4)
(3906,3)
(1764,3)
(3546,-1)
(2457,-1)
(3384,3)
(1665,4)
(2754,3)
(2097,4)
(4536,-1)
(213,-1)
(3681,3)
(3285,3)
(3780,3)
(1467,3)
(2394,-1)
(2718,3)
(2790,3)
(2556,3)
(4176,3)
(4473,2)
(4077,3)
(3843,3)
(2817,3)
(1962,3)
(114,-1)
(2916,3)
(1926,3)
(2853,3)
