(4039,3)
(3841,3)
(4237,3)
(3085,3)
(2194,3)
(3148,3)
(1960,4)
(3409,-1)
(3940,-1)
(2419,-1)
(2293,3)
(4831,3)
(1366,4)
(4570,4)
(2716,3)
(2491,4)
(4075,3)
(3283,3)
(2554,4)
(1564,3)
(2356,-1)
(2158,3)
(2914,3)
(2518,3)
(3346,3)
(3742,-1)
(4336,3)
(4273,3)
(2392,3)
(3544,-1)
(3607,3)
(3049,3)
(4534,3)
(2851,3)
(1267,3)
(2653,5)
(1924,3)
(2950,3)
(2752,3)
(1627,-1)
(1861,3)
(3643,3)
(4372,3)
(1825,3)
(3904,3)
(1069,4)
(3481,3)
(3508,3)
(112,-1)
(2257,3)
(3805,3)
(2590,3)
(4174,-1)
(1663,4)
(1726,4)
(211,3)
(3247,3)
(1528,3)
(2617,5)
(4435,3)
(2815,3)
(2059,3)
(2455,4)
(3580,-1)
(3382,-1)
(2095,3)
(4930,-1)
(4138,-1)
(1168,-1)
(4732,4)
(1429,3)
(1465,3)
(3184,3)
(3706,3)
(4471,-1)
(4633,3)
(3445,3)
(1762,3)
(310,-1)
