(2834,-1)
(4913,3)
(2735,-1)
(3266,3)
(2339,2)
(4616,3)
(3329,3)
(1187,-1)
(1907,-1)
(2537,-1)
(1583,-1)
(2771,3)
(3923,-1)
(131,5)
(3662,3)
(3167,-1)
(4319,3)
(3860,3)
(1880,3)
(3626,3)
(2276,3)
(2375,-1)
(1349,4)
(3464,3)
(4814,-1)
(4058,3)
(2672,5)
(4652,2)
(4292,3)
(2870,3)
(2078,3)
(230,-1)
(4490,3)
(2474,4)
(4157,3)
(1781,-1)
(3428,3)
(4850,3)
(1484,3)
(1844,3)
(1709,3)
(3068,4)
(1448,3)
(3527,3)
(4454,3)
(4751,3)
(4517,-1)
(1808,3)
(4553,3)
(4715,3)
(1385,4)
(2933,-1)
(1745,2)
(4256,3)
(3365,3)
(1682,-1)
(2636,-1)
(1547,-1)
(3563,3)
(1646,-1)
(1286,4)
(4355,3)
(2438,-1)
(3725,-1)
(3824,3)
(4391,3)
(2177,3)
(3761,-1)
(4094,3)
(4418,3)
(1943,-1)
(2573,3)
(4193,3)
(1088,4)
