(4530,2)
(4431,-1)
(1425,3)
(1821,3)
(4332,-1)
(3108,3)
(3306,3)
(1164,3)
(3504,3)
(4134,-1)
(6,1)
(1263,-1)
(2217,3)
(2253,3)
(4035,-1)
(2811,3)
(2352,3)
(4233,3)
(2451,-1)
(1461,3)
(1524,3)
(4071,-1)
(3144,3)
(3441,2)
(1128,3)
(2910,-1)
(3180,3)
(2091,3)
(2316,3)
(2190,3)
(2613,5)
(1065,3)
(2019,-1)
(3243,3)
(3045,3)
(1623,4)
(2154,3)
(2415,-1)
(3603,3)
(2118,3)
(1560,3)
(2712,3)
(3801,3)
(2055,3)
(1326,3)
(1362,4)
(1920,3)
(1722,4)
(3900,3)
(4170,-1)
(3081,3)
(1029,3)
(3207,3)
(3702,-1)
(2514,3)
(3405,3)
(2550,3)
(3342,3)
(3009,3)
(3540,3)
(1227,3)
