(3924,3)
(1386,3)
(1782,3)
(3627,3)
(1881,3)
(2673,3)
(4455,3)
(2736,3)
(4851,3)
(2835,3)
(1647,3)
(3465,3)
(2376,-1)
(3960,3)
(3762,3)
(1683,3)
(1287,3)
(3429,3)
(3663,3)
(4914,-1)
(4059,3)
(1908,-1)
(1980,-1)
(4617,2)
(2637,3)
(4158,-1)
(4716,3)
(2439,-1)
(2079,3)
(2277,3)
(3861,3)
(3069,3)
(1548,3)
(3726,3)
(3564,3)
(4554,3)
(2934,3)
(2178,3)
(4392,-1)
(330,4)
(2538,-1)
(132,-1)
(1845,3)
(1449,3)
(4752,3)
(2574,4)
(2772,-1)
(231,4)
(4491,4)
(3168,3)
(4095,-1)
(4815,-1)
(2970,3)
(4257,-1)
(1809,3)
(3366,3)
(1746,-1)
(2475,-1)
(3528,3)
(1188,3)
(4590,3)
(4194,3)
(1944,3)
(1584,3)
(4293,-1)
(4356,3)
(4653,2)
(1089,3)
(4950,-1)
(3267,3)
(3825,3)
(1485,3)
(4419,-1)
(4518,3)
(2871,3)
