(2366,5)
(1376,4)
(1772,-1)
(1178,3)
(1736,4)
(221,3)
(4805,-1)
(3356,3)
(4940,3)
(1673,-1)
(3815,3)
(3518,3)
(2924,3)
(3590,-1)
(2528,4)
(3392,-1)
(1538,4)
(3491,3)
(2267,3)
(1079,-1)
(4544,-1)
(4445,3)
(2861,3)
(1934,-1)
(2663,-1)
(2762,3)
(3716,3)
(4409,-1)
(3914,-1)
(4607,-1)
(4148,3)
(3095,3)
(2429,-1)
(2825,-1)
(3752,-1)
(3194,3)
(2465,3)
(3653,3)
(1475,3)
(1970,3)
(1835,3)
(2168,3)
(4346,3)
(4049,-1)
(3617,3)
(1574,4)
(2564,-1)
(2960,3)
(4580,3)
(4085,-1)
(4706,3)
(4904,3)
(4643,-1)
(3950,3)
(320,3)
(2069,-1)
(4841,3)
(1871,3)
(3293,3)
(2726,-1)
(3059,3)
(2627,-1)
(4184,3)
(3257,3)
(4247,3)
(4742,3)
(1277,-1)
(3554,3)
(4481,-1)
(4508,3)
(4382,3)
(122,3)
(1439,3)
(4283,5)
(3158,3)
(3419,3)
(3851,-1)
(3455,2)
(1637,-1)
