(4079,3)
(3287,3)
(2396,3)
(3485,3)
(3647,3)
(4871,3)
(2198,3)
(2792,-1)
(116,-1)
(3188,3)
(2459,4)
(3584,-1)
(3908,-1)
(1568,3)
(1829,3)
(4772,3)
(2855,-1)
(3944,3)
(4178,-1)
(2495,4)
(3782,3)
(1964,3)
(3548,-1)
(3449,-1)
(2954,-1)
(3386,3)
(710,-1)
(4538,3)
(3980,4)
(3809,3)
(4934,3)
(2657,3)
(3845,3)
(215,4)
(2990,-1)
(2819,3)
(2558,-1)
(2594,3)
(1667,3)
(1865,3)
(251,4)
(4736,3)
(3746,3)
(3089,3)
(3683,-1)
(2891,3)
(4970,3)
(2099,3)
(3881,-1)
(1928,-1)
(611,4)
(2693,-1)
(4637,3)
(314,3)
(4475,3)
(413,4)
(2756,3)
(1766,-1)
(4673,3)
(4277,3)
(512,4)
(350,4)
(152,3)
(4574,3)
(2918,-1)
(4835,-1)
(2297,2)
(4439,-1)
(4376,3)
(1469,3)
