(2492,4)
(4634,3)
(4175,3)
(3149,3)
(4373,3)
(113,-1)
(2654,3)
(4076,-1)
(3284,3)
(410,3)
(2393,-1)
(1628,3)
(2555,4)
(1367,4)
(2816,3)
(4238,3)
(4436,5)
(2852,3)
(3482,3)
(2294,3)
(4571,3)
(3248,3)
(1268,3)
(3545,3)
(1466,4)
(311,3)
(1727,4)
(3842,2)
(2753,3)
(3707,3)
(4931,-1)
(4832,3)
(3806,3)
(1925,3)
(2951,-1)
(3581,-1)
(2159,3)
(2618,5)
(1826,-1)
(3743,3)
(2519,-1)
(3608,3)
(3644,3)
(1565,-1)
(4733,3)
(2357,5)
(3383,3)
(4274,3)
(3905,3)
(2195,3)
(1862,3)
(2591,3)
(1763,3)
(2915,-1)
(4472,-1)
(3446,3)
(3185,3)
(3347,3)
(2717,-1)
(2456,4)
(2096,3)
(212,-1)
(4337,3)
(1961,2)
(3086,3)
(3680,3)
(4139,3)
(1169,3)
(1664,4)
(3941,-1)
(3509,3)
(2690,-1)
(4535,3)
(1529,3)
(4670,3)
(2258,3)
