(3368,3)
(1289,3)
(1685,3)
(3764,-1)
(3269,3)
(332,3)
(3926,3)
(2639,3)
(4196,3)
(1883,3)
(3629,3)
(134,-1)
(3665,3)
(1847,3)
(4718,3)
(170,-1)
(1388,3)
(3728,-1)
(4295,3)
(2738,-1)
(4358,3)
(1748,3)
(4817,3)
(233,4)
(2837,3)
(4493,3)
(1649,-1)
(4916,3)
(1487,3)
(4556,3)
(2378,-1)
(4691,-1)
(4394,3)
(2936,-1)
(530,3)
(3467,3)
(3962,3)
(1784,3)
(4457,3)
(4655,-1)
(1982,-1)
(3566,3)
(4790,2)
(2279,3)
(3827,3)
(4619,3)
(4754,-1)
(2576,3)
(2675,5)
(4853,-1)
(2873,3)
(3863,3)
(4952,3)
(4592,3)
(2972,3)
(2774,3)
(4259,-1)
(1586,3)
(431,4)
(4097,-1)
(2477,-1)
(1946,3)
