(2828,-1)
(1874,3)
(1937,3)
(3917,-1)
(2864,-1)
(4682,3)
(2963,3)
(2927,3)
(4187,3)
(3098,-1)
(3818,3)
(1478,3)
(1379,3)
(4745,3)
(3791,3)
(3656,3)
(4286,3)
(2765,-1)
(4349,3)
(3458,3)
(3890,-1)
(4808,-1)
(521,3)
(1676,3)
(2567,3)
(3719,-1)
(1775,3)
(4583,2)
(1739,4)
(260,4)
(4088,-1)
(3953,3)
(422,3)
(4484,3)
(224,-1)
(4781,3)
(1838,3)
(4547,-1)
(2729,3)
(4385,-1)
(4943,3)
(3296,3)
(3395,-1)
(1577,3)
(3692,-1)
(4646,-1)
(3197,3)
(3854,3)
(3494,3)
(323,3)
(4880,-1)
(1973,-1)
(2468,-1)
(2369,-1)
(4907,3)
(3359,3)
(3557,3)
(2666,5)
(4709,-1)
(125,-1)
(4448,3)
(3755,-1)
(4844,-1)
(161,3)
(620,4)
(3593,3)
