(3307,3)
(1066,3)
(3145,3)
(2713,3)
(2812,3)
(1921,3)
(3703,4)
(4270,3)
(2191,3)
(2650,5)
(4171,3)
(4531,-1)
(1426,3)
(4234,-1)
(4630,3)
(1525,3)
(3280,3)
(4072,3)
(7,1)
(1129,3)
(1165,4)
(2551,3)
(2416,5)
(3541,3)
(1462,3)
(3442,3)
(3208,3)
(1363,3)
(1561,3)
(3244,3)
(3901,3)
(1660,-1)
(4135,4)
(3802,3)
(1228,4)
(2218,3)
(1327,3)
(2254,3)
(4333,3)
(3046,3)
(2317,3)
(3640,3)
(2911,-1)
(2614,-1)
(1723,4)
(1264,3)
(2290,3)
(3109,3)
(3082,3)
(2056,3)
(2092,3)
(3604,3)
(1822,3)
(3505,3)
(2155,3)
(3343,3)
(2452,-1)
(2515,4)
(2353,3)
(3181,3)
(2119,3)
(1624,4)
(4432,3)
(3406,3)
(4036,3)
