(1684,3)
(4159,3)
(4915,3)
(1585,-1)
(331,4)
(232,3)
(4591,5)
(3466,3)
(4492,3)
(1486,3)
(2935,3)
(3961,-1)
(3727,3)
(2575,3)
(3826,-1)
(1981,-1)
(3763,-1)
(4258,3)
(4717,3)
(4690,3)
(2179,-1)
(4519,3)
(4852,-1)
(2638,3)
(4294,3)
(1846,-1)
(4618,3)
(2278,3)
(133,4)
(3268,3)
(2971,3)
(430,4)
(4654,3)
(4753,3)
(1387,3)
(4393,4)
(3169,3)
(1945,5)
(2836,3)
(1909,3)
(1882,3)
(2377,-1)
(3529,3)
(1549,3)
(4195,3)
(3628,3)
(1783,-1)
(3925,3)
(4096,3)
(2476,4)
(2674,5)
(4816,3)
(1189,3)
(2773,3)
(4951,3)
(3664,3)
(3862,3)
(4357,3)
(3367,3)
(3565,3)
(4456,3)
(4555,3)
(2872,-1)
(1747,3)
(2539,4)
(1648,-1)
(1288,4)
(2737,-1)
