(117,-1)
(450,3)
(2559,3)
(4872,3)
(3783,3)
(315,3)
(4674,3)
(3387,3)
(3549,-1)
(3486,3)
(2892,-1)
(4836,3)
(4638,3)
(4971,3)
(252,3)
(2991,3)
(2658,-1)
(414,3)
(2694,3)
(4278,3)
(4377,3)
(2919,3)
(1668,3)
(4773,3)
(3747,3)
(2199,3)
(2496,4)
(153,-1)
(513,2)
(3585,-1)
(612,4)
(4476,-1)
(3684,-1)
(3882,3)
(4179,-1)
(3981,3)
(2793,-1)
(216,4)
(3189,3)
(4539,4)
(4737,3)
(711,3)
(2298,3)
(351,3)
(2856,3)
(1569,3)
(1866,3)
(4935,3)
(2757,3)
(3648,3)
(2955,-1)
(1965,-1)
(2595,4)
(1767,3)
(3945,3)
(810,3)
(3846,3)
(1929,3)
(4575,3)
(3288,3)
(2397,-1)
(3909,-1)
