(1616,3)
(2480,-1)
(4361,3)
(2048,3)
(2408,5)
(3470,3)
(2705,-1)
(2282,3)
(4127,4)
(4424,3)
(4460,-1)
(1418,3)
(1553,-1)
(1517,3)
(3173,3)
(2444,-1)
(2345,-1)
(2903,3)
(4523,2)
(1913,3)
(1715,3)
(2543,3)
(1319,3)
(1355,3)
(4721,3)
(200,4)
(1490,3)
(3272,-1)
(3074,3)
(3632,3)
(4226,3)
(3830,2)
(4028,-1)
(2642,3)
(1814,3)
(2804,3)
(101,3)
(1058,4)
(3335,3)
(2246,3)
(1292,4)
(2606,-1)
(1256,-1)
(2840,3)
(2741,-1)
(1850,3)
(3038,3)
(4163,3)
(3434,3)
(1652,4)
(1157,-1)
(2381,-1)
(1391,3)
(3731,-1)
(3533,-1)
(3371,3)
(1193,-1)
(4325,3)
(4262,4)
(1454,4)
(4064,-1)
(2084,3)
(2507,3)
(4820,-1)
(1094,3)
(2183,3)
(4622,3)
(1751,-1)
(2147,3)
(2309,3)
(3137,3)
(3236,3)
