(2742,-1)
(4722,3)
(201,4)
(4920,3)
(1590,3)
(2643,3)
(2247,3)
(3930,3)
(4029,-1)
(3372,3)
(1392,-1)
(4461,-1)
(2841,3)
(2382,-1)
(2049,-1)
(2580,3)
(3831,3)
(4263,3)
(2283,1)
(4227,3)
(4425,-1)
(300,3)
(1455,3)
(1851,3)
(2346,-1)
(1950,5)
(1554,4)
(3336,3)
(3435,3)
(1716,3)
(3471,3)
(3273,3)
(1419,4)
(2481,-1)
(2184,3)
(1518,3)
(3237,3)
(1158,3)
(1815,4)
(1095,4)
(1059,3)
(4326,3)
(2409,5)
(1491,3)
(2805,-1)
(4065,3)
(1752,3)
(3570,-1)
(1356,3)
(2085,-1)
(4164,3)
(2706,3)
(1914,3)
(2508,-1)
(2904,-1)
(3174,3)
(2544,3)
(2940,-1)
(1257,3)
(4524,-1)
(4362,3)
(2607,5)
(2445,3)
(3075,3)
(4128,3)
(4623,3)
(3633,3)
(4821,3)
(1194,3)
(3138,4)
(3039,3)
(4560,3)
(102,-1)
(3534,3)
(1653,-1)
(3732,3)
(2148,3)
(1617,3)
(1293,3)
