(1738,-1)
(1972,-1)
(2827,3)
(2368,-1)
(1936,3)
(2665,3)
(3754,3)
(4447,3)
(3790,-1)
(3295,3)
(4681,2)
(3097,3)
(4942,3)
(421,4)
(3691,-1)
(4807,3)
(1837,-1)
(1279,4)
(4582,-1)
(3817,3)
(3196,3)
(1675,-1)
(2269,3)
(1639,-1)
(4087,-1)
(1477,4)
(3259,3)
(3592,3)
(4843,3)
(4384,3)
(3358,3)
(4483,-1)
(4186,3)
(2863,-1)
(322,3)
(3718,2)
(2629,3)
(1576,3)
(3952,-1)
(520,4)
(4609,3)
(4906,3)
(4645,3)
(4348,3)
(4744,3)
(3853,3)
(3556,3)
(2764,3)
(3457,3)
(3916,3)
(3619,3)
(1873,3)
(124,-1)
(160,3)
(1774,3)
(3394,3)
(4780,-1)
(4249,-1)
(4546,-1)
(1378,4)
(2467,-1)
(4708,3)
(2962,3)
(223,3)
(2566,3)
(2926,3)
(2728,3)
(3493,2)
(4285,3)
(3655,3)
