(1856,-1)
(3836,3)
(1559,-1)
(3935,3)
(3638,3)
(107,3)
(4925,-1)
(4628,3)
(4529,-1)
(4268,3)
(4961,3)
(602,4)
(2486,4)
(1397,4)
(1199,3)
(2288,3)
(1991,3)
(2981,3)
(4466,3)
(4727,-1)
(701,3)
(305,4)
(503,4)
(3674,3)
(341,-1)
(2648,3)
(440,4)
(4862,3)
(4763,3)
(1793,3)
(1496,-1)
(2549,4)
(1694,3)
(143,4)
(2945,3)
(2387,-1)
(4565,3)
(1595,3)
(3377,3)
(2684,3)
(3737,3)
(3179,3)
(4664,3)
(3773,3)
(2747,-1)
(3476,3)
(2909,-1)
(3539,-1)
(2585,3)
(1298,-1)
(3971,3)
(206,4)
(2882,3)
(3872,-1)
(1892,3)
(242,3)
(2783,-1)
(1757,3)
(1919,3)
(404,3)
(3575,3)
(1955,-1)
(1658,-1)
(2189,3)
(4169,3)
(4367,3)
(3278,3)
(2846,3)
(4826,3)
(800,-1)
