(1717,3)
(1654,3)
(3139,3)
(3274,3)
(2248,3)
(4723,3)
(2707,3)
(1816,3)
(1951,-1)
(1915,3)
(4327,-1)
(4426,3)
(202,-1)
(1294,4)
(2482,3)
(3472,3)
(3337,3)
(1519,4)
(301,4)
(2086,3)
(4561,-1)
(3076,3)
(4165,-1)
(4660,3)
(3931,-1)
(3832,3)
(4525,3)
(3670,3)
(2842,3)
(2644,-1)
(3571,3)
(1195,3)
(2383,-1)
(2941,3)
(1492,3)
(1357,3)
(4822,4)
(1096,3)
(2581,3)
(3733,3)
(1555,-1)
(4921,3)
(2446,-1)
(1753,-1)
(3634,3)
(4129,3)
(1618,-1)
(4462,3)
(1159,3)
(2509,4)
(3175,3)
(2905,3)
(4264,3)
(4624,3)
(400,4)
(2185,3)
(2743,-1)
(3436,3)
(1690,-1)
(3535,3)
(4363,3)
(3238,3)
(4066,3)
(4228,-1)
(2680,3)
(1456,3)
(103,4)
(2149,3)
(3373,3)
(2545,4)
(2347,4)
(2284,3)
(1258,-1)
(1393,3)
(2806,-1)
(1852,3)
(2608,-1)
(1591,3)
