(1470,4)
(3117,3)
(3711,3)
(2460,3)
(1272,3)
(4008,-1)
(2622,4)
(4503,-1)
(1632,4)
(4305,3)
(4800,-1)
(2361,-1)
(4440,3)
(3252,3)
(2064,-1)
(1137,4)
(3351,3)
(3153,3)
(2226,3)
(3090,-1)
(4341,3)
(3054,3)
(2721,-1)
(2127,3)
(3315,3)
(4206,3)
(2820,3)
(1731,4)
(4404,3)
(2523,3)
(3810,3)
(1038,-1)
(4602,2)
(3216,3)
(2424,-1)
(4242,-1)
(1173,4)
(3414,3)
(4044,-1)
(4701,3)
(4080,-1)
(2262,3)
(3450,3)
(2028,-1)
(3018,3)
(4107,3)
(4143,3)
(3612,3)
(1830,-1)
(1533,-1)
(3513,3)
(2163,3)
(2325,3)
(1074,-1)
(1434,4)
(1236,4)
(1371,4)
(1335,3)
