(4911,3)
(1383,3)
(2733,3)
(3462,3)
(4353,3)
(1347,4)
(4254,-1)
(1680,3)
(1284,3)
(3660,3)
(4119,-1)
(2337,3)
(2472,3)
(2175,3)
(2571,4)
(3228,3)
(3624,3)
(2139,3)
(2274,3)
(4416,3)
(4218,3)
(2436,-1)
(2373,-1)
(3129,3)
(1842,-1)
(3327,3)
(3066,3)
(3264,3)
(2931,3)
(1905,3)
(1545,4)
(1185,3)
(2238,3)
(4155,4)
(1149,-1)
(4713,-1)
(3525,3)
(4092,-1)
(1941,-1)
(3822,-1)
(2535,-1)
(3426,3)
(4614,-1)
(4650,3)
(1086,3)
(2670,-1)
(1806,3)
(3363,3)
(3723,3)
(4551,3)
(4056,3)
(4515,3)
(4317,3)
(1482,3)
(4290,3)
(1707,3)
(3561,-1)
(2832,-1)
(1248,4)
(1581,3)
(2076,-1)
(4452,4)
(1446,4)
(4191,-1)
(1608,-1)
(2634,-1)
(1509,3)
(4812,3)
(1743,4)
(1644,-1)
(3921,-1)
(3165,-1)
