(2371,-1)
(2236,3)
(4612,4)
(4351,3)
(1480,3)
(3424,3)
(1705,4)
(2434,3)
(1282,-1)
(2470,4)
(1381,4)
(2038,-1)
(2335,3)
(3622,3)
(1246,3)
(3127,3)
(1084,3)
(4711,-1)
(1408,-1)
(1903,3)
(1606,4)
(1048,-1)
(3028,-1)
(2731,3)
(4018,2)
(4153,3)
(4054,3)
(1840,3)
(1345,3)
(3523,3)
(4117,3)
(3064,3)
(3325,3)
(3820,3)
(4252,-1)
(2074,3)
(1507,3)
(3262,3)
(3361,3)
(2272,3)
(4513,3)
(4216,3)
(3721,3)
(4315,3)
(2173,3)
(1741,3)
(4810,3)
(3226,3)
(1183,3)
(1147,-1)
(1309,4)
(1543,3)
(1642,-1)
(1804,3)
(4090,-1)
(4414,-1)
(2632,-1)
(2137,3)
(2830,3)
(3460,3)
(4450,3)
(2533,-1)
(3163,3)
(1444,3)
