(3492,3)
(1773,-1)
(3951,3)
(3096,3)
(4383,3)
(2925,3)
(222,4)
(2727,3)
(4185,-1)
(4581,-1)
(2628,-1)
(4842,-1)
(1377,3)
(2529,-1)
(3915,-1)
(1539,4)
(3753,-1)
(1935,3)
(3654,3)
(4743,3)
(4284,3)
(1575,3)
(4248,-1)
(2763,3)
(2268,3)
(4086,3)
(1674,4)
(3195,3)
(3816,3)
(3591,3)
(3618,3)
(1476,4)
(1836,-1)
(2565,3)
(1737,4)
(4941,3)
(3393,-1)
(4347,3)
(2367,-1)
(3555,-1)
(2664,4)
(1638,-1)
(2961,3)
(3852,5)
(4806,3)
(4149,-1)
(3258,3)
(4608,-1)
(3159,3)
(4482,-1)
(4707,3)
(3717,-1)
(3519,3)
(4644,3)
(321,3)
(4905,3)
(4545,3)
(123,-1)
(4680,-1)
(2169,3)
(420,3)
(1971,3)
(2466,3)
(1278,3)
(3294,3)
(2862,3)
(4509,-1)
(3690,3)
(1179,3)
(2826,3)
(1872,3)
(3456,3)
(3357,3)
(4446,-1)
