(2760,3)
(4704,3)
(2463,4)
(4641,-1)
(1536,-1)
(4281,3)
(4605,-1)
(4506,3)
(2265,3)
(3192,3)
(120,3)
(4209,-1)
(1572,3)
(4803,-1)
(1734,3)
(2328,3)
(2067,3)
(1077,3)
(3093,3)
(2724,3)
(3417,2)
(3453,3)
(3651,3)
(2526,-1)
(1374,3)
(1932,-1)
(4083,3)
(3156,3)
(3291,3)
(1239,3)
(3552,3)
(3750,-1)
(3516,3)
(2823,3)
(4902,3)
(2922,3)
(3219,3)
(2427,5)
(2229,3)
(4740,3)
(3255,3)
(4308,3)
(3390,3)
(2625,3)
(3714,3)
(3318,3)
(3354,3)
(4047,3)
(4380,2)
(4182,5)
(3813,3)
(4443,3)
(1635,-1)
(3615,3)
(4146,3)
(1275,3)
(2166,3)
(1338,-1)
(2364,-1)
(1833,3)
(4407,3)
(3912,3)
(4344,3)
(1437,-1)
(1473,3)
(3057,3)
(1671,3)
(1770,-1)
(1176,-1)
(2661,3)
(4245,3)
(4542,3)
(2562,3)
