(2568,4)
(3918,-1)
(2469,4)
(4683,3)
(2865,3)
(4449,3)
(1839,3)
(162,3)
(3099,3)
(3855,-1)
(4485,3)
(324,4)
(4746,3)
(1677,3)
(4548,3)
(4980,-1)
(4881,3)
(1938,3)
(3891,3)
(621,-1)
(3792,3)
(2928,-1)
(4845,-1)
(3657,3)
(1578,3)
(3459,3)
(3495,3)
(2964,3)
(423,3)
(4188,3)
(3396,3)
(3756,3)
(3990,-1)
(3954,-1)
(3198,3)
(3819,3)
(261,-1)
(2766,3)
(1479,3)
(4647,3)
(4809,3)
(1875,3)
(4386,-1)
(1974,3)
(3297,3)
(4944,-1)
(2667,3)
(2829,3)
(3594,3)
(4287,3)
(522,3)
(1776,3)
(4584,3)
(225,4)
(720,3)
(4782,2)
(4908,3)
(3693,3)
(360,4)
(4089,-1)
(3558,-1)
(126,2)
