(2484,4)
(600,4)
(1395,3)
(3636,3)
(4824,-1)
(3933,5)
(3735,3)
(3672,3)
(2943,3)
(4563,3)
(4626,3)
(4329,4)
(204,3)
(2709,3)
(501,4)
(1953,3)
(2880,-1)
(2448,5)
(4761,3)
(3339,3)
(2583,3)
(3276,3)
(4365,3)
(1890,3)
(4167,3)
(3438,3)
(4527,3)
(240,4)
(2646,3)
(3870,3)
(4725,3)
(3771,3)
(1656,3)
(4428,3)
(1359,3)
(2844,-1)
(303,3)
(402,3)
(1494,3)
(3474,3)
(1296,3)
(105,-1)
(3537,3)
(1791,-1)
(2745,-1)
(4068,-1)
(2547,3)
(1818,3)
(4860,3)
(2286,3)
(2088,3)
(3078,3)
(1557,3)
(1692,-1)
(1917,-1)
(4266,3)
(2349,-1)
(2385,-1)
(141,4)
(1197,3)
(1719,3)
(2187,3)
(4923,3)
(2808,-1)
(2682,5)
(3573,-1)
(2781,3)
(3834,3)
(1098,3)
(1593,3)
(1854,3)
(3177,3)
(1458,3)
(1755,-1)
(4464,3)
(3375,3)
(2907,-1)
(4662,3)
