(2458,-1)
(4834,3)
(4573,-1)
(3808,3)
(4438,3)
(4078,-1)
(3547,-1)
(4177,5)
(4636,3)
(115,-1)
(2098,3)
(3583,-1)
(2854,3)
(3484,3)
(2719,3)
(3682,2)
(4537,-1)
(1567,3)
(3385,3)
(1729,4)
(4735,3)
(2494,4)
(4474,3)
(214,4)
(3880,3)
(1828,3)
(2890,-1)
(2557,4)
(610,3)
(3745,3)
(511,-1)
(250,4)
(4771,-1)
(2755,3)
(2791,-1)
(313,3)
(4672,2)
(3709,3)
(412,3)
(3646,3)
(1963,-1)
(2917,3)
(4276,3)
(3448,3)
(4933,2)
(2656,3)
(2395,-1)
(3781,-1)
(2593,3)
(2692,3)
(3844,-1)
(3286,3)
(3088,3)
(3907,2)
(1369,-1)
(151,3)
(2953,3)
(2818,3)
(4870,3)
(1927,3)
(4339,3)
(1468,3)
(1666,4)
(1864,3)
(4375,3)
(3943,3)
(2296,3)
(2197,3)
(1765,3)
(2359,-1)
(3349,3)
(3187,3)
