(1453,3)
(4522,4)
(2146,3)
(1318,3)
(2803,-1)
(4621,3)
(3631,3)
(3532,3)
(2308,3)
(1156,-1)
(1813,3)
(1615,3)
(1390,-1)
(1912,3)
(2083,3)
(2641,-1)
(1714,3)
(2182,3)
(3433,3)
(2407,-1)
(2506,3)
(1219,-1)
(1291,3)
(4063,3)
(3334,3)
(1354,-1)
(3136,3)
(3073,3)
(4126,3)
(4423,3)
(4162,3)
(2047,-1)
(2344,3)
(4225,3)
(2245,3)
(1552,3)
(1093,-1)
(100,4)
(1516,3)
(1750,-1)
(2740,3)
(2704,2)
(1192,3)
(3730,-1)
(2281,3)
(2605,-1)
(2209,3)
(4720,3)
(3370,3)
(1255,4)
(3172,-1)
(4324,3)
(4261,-1)
(3271,3)
(4027,3)
(1057,-1)
(2902,-1)
(1651,3)
(3235,3)
(1417,3)
(3037,-1)
(2542,4)
(2380,5)
(2443,-1)
(4360,3)
