(1641,4)
(3027,-1)
(2136,2)
(1740,3)
(2073,3)
(2532,4)
(1182,3)
(3126,3)
(1245,3)
(1083,3)
(3720,3)
(3225,3)
(2631,3)
(4710,-1)
(1047,-1)
(4053,3)
(2433,3)
(1803,3)
(2235,3)
(4512,4)
(1704,-1)
(1902,-1)
(4350,3)
(1506,3)
(1542,3)
(4152,3)
(2172,3)
(3621,3)
(2334,3)
(4611,-1)
(3360,3)
(3324,3)
(1308,4)
(1443,4)
(2271,3)
(1209,3)
(4116,3)
(1281,-1)
(4251,3)
(3522,3)
(2370,-1)
(1605,3)
(2037,-1)
(4017,-1)
(1407,3)
(1344,3)
(3162,3)
(4314,3)
(3063,3)
(3261,3)
(2730,3)
(3423,3)
(4215,3)
(1146,-1)
(4413,-1)
(1380,4)
