(2292,3)
(3507,3)
(2553,4)
(4074,3)
(3606,3)
(4236,3)
(4173,3)
(3840,3)
(4470,3)
(2454,-1)
(4335,4)
(1527,3)
(9,1)
(2355,3)
(4272,3)
(3309,3)
(2193,3)
(2517,3)
(3246,3)
(1923,-1)
(210,4)
(2319,3)
(1626,4)
(3804,3)
(4371,3)
(2490,4)
(3048,-1)
(1860,3)
(3480,3)
(1365,4)
(1068,-1)
(2652,-1)
(4038,-1)
(1464,3)
(1428,3)
(3183,3)
(2850,3)
(2058,3)
(2616,3)
(2913,3)
(1266,3)
(3084,3)
(2418,-1)
(1761,4)
(3903,3)
(4434,3)
(3282,3)
(2814,3)
(3642,3)
(2094,3)
(2391,-1)
(1824,3)
(3147,3)
(3705,3)
(4533,3)
(3444,3)
(1662,-1)
(3408,-1)
(3741,3)
(3345,3)
(4731,-1)
(2751,3)
(111,4)
(4632,3)
(3381,-1)
(4137,-1)
(2256,3)
(1329,3)
(1167,-1)
(4830,-1)
(2157,3)
(1563,3)
(2715,3)
(3543,3)
(1725,4)
