(3036,-1)
(1119,-1)
(1515,3)
(1650,3)
(4062,3)
(1092,3)
(2109,3)
(2703,4)
(2442,5)
(1290,3)
(2901,-1)
(3234,3)
(3333,3)
(4521,3)
(1191,-1)
(3270,3)
(2208,3)
(4260,3)
(4323,3)
(2244,3)
(4422,3)
(3531,3)
(2181,3)
(1056,3)
(2280,3)
(1353,3)
(2145,3)
(4620,3)
(1911,3)
(3135,3)
(4026,-1)
(4224,-1)
(1155,4)
(2604,-1)
(1254,3)
(3171,3)
(1551,3)
(2343,3)
(1317,3)
(1614,-1)
(1452,4)
(4125,-1)
(3072,3)
(2046,-1)
(2505,4)
(2307,3)
(1812,3)
(3432,3)
(3630,3)
(4161,3)
(2406,3)
(2082,3)
(1218,3)
(2640,-1)
(1416,4)
(99,4)
(1713,3)
(2802,3)
(2541,3)
