(4730,3)
(3803,-1)
(2516,3)
(4334,-1)
(3209,3)
(3605,3)
(3182,3)
(1229,-1)
(1427,3)
(1625,3)
(3407,-1)
(2093,3)
(2354,3)
(1463,3)
(2912,3)
(3281,3)
(4433,3)
(3641,3)
(3506,3)
(2651,3)
(4037,-1)
(110,3)
(2552,3)
(4136,3)
(1922,3)
(4532,-1)
(1328,3)
(1265,-1)
(4073,-1)
(2453,3)
(8,1)
(4271,3)
(3146,3)
(2255,2)
(2417,-1)
(3308,3)
(2714,3)
(4370,3)
(3704,-1)
(2291,3)
(1823,4)
(2813,3)
(3443,3)
(1760,3)
(3902,3)
(3740,3)
(3047,3)
(2057,4)
(4631,-1)
(1562,4)
(1724,4)
(3344,3)
(2615,5)
(3245,3)
(3542,3)
(1526,3)
(1364,4)
(1661,-1)
(4172,3)
(2219,3)
(2156,3)
(2192,3)
(1166,3)
(3083,3)
(1067,3)
(4235,3)
(2750,3)
(2318,3)
(3380,-1)
(2390,-1)
