(3772,-1)
(1855,3)
(4663,3)
(2908,3)
(3079,3)
(1891,3)
(3970,-1)
(2089,3)
(3574,3)
(4366,3)
(1558,4)
(1792,2)
(3934,-1)
(241,-1)
(403,3)
(4825,3)
(3475,3)
(4726,3)
(2548,3)
(2881,-1)
(1819,-1)
(3835,3)
(3736,3)
(2647,3)
(1918,3)
(700,3)
(2944,-1)
(2683,3)
(4564,3)
(4429,-1)
(2188,3)
(2449,5)
(1693,2)
(3538,3)
(4267,3)
(4762,3)
(2980,3)
(106,3)
(3376,3)
(2845,-1)
(1990,3)
(4465,3)
(502,4)
(1396,3)
(142,4)
(340,3)
(4861,3)
(2584,3)
(1594,-1)
(4528,3)
(1099,-1)
(1459,4)
(2386,5)
(4069,3)
(304,4)
(3277,2)
(4168,3)
(1756,-1)
(4924,3)
(2809,3)
(1954,-1)
(3637,3)
(2782,3)
(2485,4)
(601,3)
(1495,3)
(3178,3)
(4627,3)
(205,3)
(1198,3)
(1657,4)
(4960,3)
(2746,-1)
(2287,-1)
(3673,3)
(1297,3)
(3439,3)
(3871,-1)
